#SLFR RTP P_control_Test
#kp=1.0
#t	n	u	v	$\theta$	a
0	0	0	0	0	-2
0.002	1	0	0	0	-2
0.004	2	0	0	0	-2
0.006	3	0	0	0	-2
0.008	4	0	0	0	-2
0.01	5	0	0	0	-2
0.012	6	0	0	0	-2
0.014	7	0	0	0	-2
0.016	8	0	0	0	-2
0.018	9	0	0	0	-2
0.02	10	0	0	0	-2
0.022	11	0	0	0	-2
0.024	12	0	0	0	-2
0.026	13	0	0	0	-2
0.028	14	0	0	0	-2
0.03	15	0	0	0	-2
0.032	16	0	0	0	-2
0.034	17	0	0	0	-2
0.036	18	0	0	0	-2
0.038	19	0	0	0	-2
0.04	20	0	0	0	-2
0.042	21	0	0	0	-2
0.044	22	0	0	0	-2
0.046	23	0	0	0	-2
0.048	24	0	0	0	-2
0.05	25	0	0	0	-2
0.052	26	0	0	0	-2
0.054	27	0	0	0	-2
0.056	28	0	0	0	-2
0.058	29	0	0	0	-2
0.06	30	0	0	0	-2
0.062	31	0	0	0	-2
0.064	32	0	0	0	-2
0.066	33	0	0	0	-2
0.068	34	0	0	0	-2
0.07	35	0	0	0	-2
0.072	36	0	0	0	-2
0.074	37	0	0	0	-2
0.076	38	0	0	0	-2
0.078	39	0	0	0	-2
0.08	40	0	0	0	-1
0.082	41	0	0	0	-2
0.084	42	0	0	0	-2
0.086	43	0	0	0	-2
0.088	44	0	0	0	-1
0.09	45	0	0	0	-2
0.092	46	0	0	0	-1
0.094	47	0	0	0	-1
0.096	48	0	0	0	-1
0.098	49	0	0	0	-2
0.1	50	100	100	0	-2
0.102	51	100	100	0	-1
0.104	52	100	100	0	-1
0.106	53	100	100	0	-2
0.108	54	100	99	1	-4
0.11	55	100	99	1	1
0.112	56	100	98	2	4
0.114	57	100	97	3	-3
0.116	58	100	96	4	-11
0.118	59	100	96	4	-12
0.12	60	100	94	6	-16
0.122	61	100	93	7	-13
0.124	62	100	92	8	-12
0.126	63	100	91	9	-14
0.128	64	100	90	10	-6
0.13	65	100	89	11	-3
0.132	66	100	87	13	4
0.134	67	100	86	14	3
0.136	68	100	85	15	4
0.138	69	100	83	17	2
0.14	70	100	82	18	11
0.142	71	100	81	19	15
0.144	72	100	79	21	19
0.146	73	100	78	22	22
0.148	74	100	76	24	30
0.15	75	100	75	25	36
0.152	76	100	74	26	37
0.154	77	100	72	28	34
0.156	78	100	71	29	26
0.158	79	100	70	30	28
0.16	80	100	68	32	32
0.162	81	100	67	33	30
0.164	82	100	66	34	30
0.166	83	100	65	35	27
0.168	84	100	64	36	28
0.17	85	100	62	38	32
0.172	86	100	61	39	23
0.174	87	100	60	40	15
0.176	88	100	59	41	16
0.178	89	100	58	42	15
0.18	90	100	57	43	16
0.182	91	100	57	43	16
0.184	92	100	56	44	17
0.186	93	100	55	45	21
0.188	94	100	54	46	27
0.19	95	100	53	47	21
0.192	96	100	53	47	25
0.194	97	100	52	48	27
0.196	98	100	51	49	20
0.198	99	100	51	49	27
0.2	100	100	50	50	30
0.202	101	100	50	50	30
0.204	102	100	49	51	35
0.206	103	100	49	51	35
0.208	104	100	48	52	37
0.21	105	100	48	52	38
0.212	106	100	47	53	31
0.214	107	100	47	53	23
0.216	108	100	46	54	26
0.218	109	100	46	54	21
0.22	110	100	45	55	21
0.222	111	100	45	55	18
0.224	112	100	44	56	16
0.226	113	100	44	56	12
0.228	114	100	43	57	16
0.23	115	100	43	57	6
0.232	116	100	43	57	2
0.234	117	100	42	58	1
0.236	118	100	42	58	-3
0.238	119	100	41	59	2
0.24	120	100	41	59	2
0.242	121	100	41	59	2
0.244	122	100	40	60	5
0.246	123	100	40	60	8
0.248	124	100	39	61	6
0.25	125	100	39	61	6
0.252	126	100	39	61	5
0.254	127	100	38	62	3
0.256	128	100	38	62	9
0.258	129	100	37	63	9
0.26	130	100	37	63	8
0.262	131	100	36	64	10
0.264	132	100	36	64	10
0.266	133	100	35	65	7
0.268	134	100	34	66	6
0.27	135	100	34	66	-1
0.272	136	100	33	67	-6
0.274	137	100	32	68	-8
0.276	138	100	32	68	-6
0.278	139	100	31	69	-11
0.28	140	100	30	70	-9
0.282	141	100	29	71	-13
0.284	142	100	29	71	-11
0.286	143	100	28	72	-17
0.288	144	100	27	73	-21
0.29	145	100	27	73	-28
0.292	146	100	26	74	-23
0.294	147	100	25	75	-16
0.296	148	100	24	76	-14
0.298	149	100	24	76	-14
0.3	150	100	23	77	-13
0.302	151	100	22	78	-10
0.304	152	100	21	79	-9
0.306	153	100	21	79	-9
0.308	154	100	20	80	-17
0.31	155	100	19	81	-13
0.312	156	100	18	82	-12
0.314	157	100	17	83	-6
0.316	158	100	17	83	-6
0.318	159	100	16	84	-7
0.32	160	100	15	85	-9
0.322	161	100	14	86	-10
0.324	162	100	13	87	-13
0.326	163	100	12	88	-18
0.328	164	100	12	88	-21
0.33	165	100	11	89	-25
0.332	166	100	10	90	-24
0.334	167	100	9	91	-22
0.336	168	100	8	92	-24
0.338	169	100	8	92	-25
0.34	170	100	7	93	-28
0.342	171	100	6	94	-26
0.344	172	100	5	95	-29
0.346	173	100	4	96	-30
0.348	174	100	4	96	-32
0.35	175	100	3	97	-31
0.352	176	100	2	98	-25
0.354	177	100	1	99	-23
0.356	178	100	1	99	-21
0.358	179	100	0	100	-20
0.36	180	100	-1	101	-17
0.362	181	100	-1	101	-18
0.364	182	100	-2	102	-17
0.366	183	100	-3	103	-18
0.368	184	100	-4	104	-18
0.37	185	100	-4	104	-17
0.372	186	100	-5	105	-18
0.374	187	100	-6	106	-15
0.376	188	100	-6	106	-13
0.378	189	100	-7	107	-16
0.38	190	100	-8	108	-19
0.382	191	100	-8	108	-21
0.384	192	100	-9	109	-23
0.386	193	100	-9	109	-23
0.388	194	100	-10	110	-29
0.39	195	100	-10	110	-27
0.392	196	100	-11	111	-28
0.394	197	100	-12	112	-25
0.396	198	100	-12	112	-26
0.398	199	100	-13	113	-28
0.4	200	100	-13	113	-28
0.402	201	100	-13	113	-29
0.404	202	100	-14	114	-26
0.406	203	100	-14	114	-30
0.408	204	100	-15	115	-24
0.41	205	100	-15	115	-24
0.412	206	100	-15	115	-20
0.414	207	100	-16	116	-16
0.416	208	100	-16	116	-17
0.418	209	100	-16	116	-16
0.42	210	100	-17	117	-16
0.422	211	100	-17	117	-17
0.424	212	100	-17	117	-18
0.426	213	100	-18	118	-16
0.428	214	100	-18	118	-17
0.43	215	100	-18	118	-15
0.432	216	100	-18	118	-13
0.434	217	100	-19	119	-15
0.436	218	100	-19	119	-14
0.438	219	100	-19	119	-17
0.44	220	100	-19	119	-18
0.442	221	100	-19	119	-21
0.444	222	100	-20	120	-21
0.446	223	100	-20	120	-21
0.448	224	100	-20	120	-22
0.45	225	100	-20	120	-19
0.452	226	100	-20	120	-20
0.454	227	100	-20	120	-17
0.456	228	100	-20	120	-18
0.458	229	100	-20	120	-19
0.46	230	100	-20	120	-19
0.462	231	100	-20	120	-20
0.464	232	100	-20	120	-19
0.466	233	100	-20	120	-16
0.468	234	100	-20	120	-14
0.47	235	100	-20	120	-13
0.472	236	100	-20	120	-9
0.474	237	100	-20	120	-9
0.476	238	100	-20	120	-9
0.478	239	100	-20	120	-9
0.48	240	100	-20	120	-11
0.482	241	100	-20	120	-10
0.484	242	100	-20	120	-10
0.486	243	100	-19	119	-9
0.488	244	100	-19	119	-7
0.49	245	100	-19	119	-7
0.492	246	100	-19	119	-7
0.494	247	100	-19	119	-8
0.496	248	100	-19	119	-8
0.498	249	100	-19	119	-10
0.5	250	100	-19	119	-11
0.502	251	100	-19	119	-12
0.504	252	100	-19	119	-12
0.506	253	100	-19	119	-11
0.508	254	100	-18	118	-9
0.51	255	100	-18	118	-8
0.512	256	100	-18	118	-8
0.514	257	100	-18	118	-7
0.516	258	100	-18	118	-7
0.518	259	100	-18	118	-7
0.52	260	100	-17	117	-7
0.522	261	100	-17	117	-5
0.524	262	100	-17	117	-4
0.526	263	100	-17	117	-2
0.528	264	100	-16	116	0
0.53	265	100	-16	116	2
0.532	266	100	-16	116	3
0.534	267	100	-16	116	2
0.536	268	100	-15	115	1
0.538	269	100	-15	115	1
0.54	270	100	-15	115	1
0.542	271	100	-15	115	1
0.544	272	100	-14	114	2
0.546	273	100	-14	114	2
0.548	274	100	-14	114	3
0.55	275	100	-13	113	3
0.552	276	100	-13	113	1
0.554	277	100	-12	112	0
0.556	278	100	-12	112	-1
0.558	279	100	-12	112	2
0.56	280	100	-11	111	-3
0.562	281	100	-11	111	14
0.564	282	100	-11	111	2
0.566	283	100	-10	110	-5
0.568	284	100	-10	110	-4
0.57	285	100	-10	110	-3
0.572	286	100	-9	109	-5
0.574	287	100	-9	109	1
0.576	288	100	-8	108	-4
0.578	289	100	-8	108	-1
0.58	290	100	-8	108	9
0.582	291	100	-7	107	6
0.584	292	100	-7	107	5
0.586	293	100	-7	107	2
0.588	294	100	-6	106	3
0.59	295	100	-6	106	6
0.592	296	100	-6	106	9
0.594	297	100	-5	105	5
0.596	298	100	-5	105	5
0.598	299	100	-4	104	15
0.6	300	100	-4	104	15
0.602	301	100	-4	104	14
0.604	302	100	-3	103	9
0.606	303	100	-3	103	4
0.608	304	100	-3	103	5
0.61	305	100	-2	102	9
0.612	306	100	-2	102	3
0.614	307	100	-2	102	4
0.616	308	100	-1	101	5
0.618	309	100	-1	101	6
0.62	310	100	-1	101	10
0.622	311	100	0	100	4
0.624	312	100	0	100	-1
0.626	313	100	0	100	0
0.628	314	100	1	99	1
0.63	315	100	1	99	2
0.632	316	100	1	99	3
0.634	317	100	2	98	4
0.636	318	100	2	98	6
0.638	319	100	2	98	13
0.64	320	100	3	97	11
0.642	321	100	3	97	8
0.644	322	100	3	97	7
0.646	323	100	3	97	7
0.648	324	100	4	96	9
0.65	325	100	4	96	12
0.652	326	100	4	96	10
0.654	327	100	5	95	11
0.656	328	100	5	95	16
0.658	329	100	5	95	15
0.66	330	100	5	95	12
0.662	331	100	5	95	8
0.664	332	100	6	94	4
0.666	333	100	6	94	6
0.668	334	100	6	94	8
0.67	335	100	6	94	5
0.672	336	100	7	93	4
0.674	337	100	7	93	6
0.676	338	100	7	93	7
0.678	339	100	7	93	8
0.68	340	100	7	93	4
0.682	341	100	7	93	0
0.684	342	100	8	92	2
0.686	343	100	8	92	4
0.688	344	100	8	92	5
0.69	345	100	8	92	6
0.692	346	100	8	92	7
0.694	347	100	8	92	9
0.696	348	100	9	91	12
0.698	349	100	9	91	9
0.7	350	100	9	91	7
0.702	351	100	9	91	6
0.704	352	100	9	91	8
0.706	353	100	9	91	10
0.708	354	100	9	91	10
0.71	355	100	9	91	9
0.712	356	100	9	91	10
0.714	357	100	10	90	12
0.716	358	100	10	90	11
0.718	359	100	10	90	6
0.72	360	100	10	90	3
0.722	361	100	10	90	2
0.724	362	100	10	90	4
0.726	363	100	10	90	5
0.728	364	100	10	90	2
0.73	365	100	10	90	4
0.732	366	100	10	90	5
0.734	367	100	10	90	5
0.736	368	100	10	90	3
0.738	369	100	10	90	0
0.74	370	100	10	90	-2
0.742	371	100	10	90	1
0.744	372	100	10	90	3
0.746	373	100	10	90	3
0.748	374	100	10	90	5
0.75	375	100	10	90	5
0.752	376	100	10	90	7
0.754	377	100	10	90	8
0.756	378	100	10	90	5
0.758	379	100	10	90	3
0.76	380	100	10	90	4
0.762	381	100	10	90	5
0.764	382	100	10	90	7
0.766	383	100	10	90	6
0.768	384	100	10	90	6
0.77	385	100	10	90	6
0.772	386	100	10	90	6
0.774	387	100	10	90	5
0.776	388	100	10	90	1
0.778	389	100	10	90	-2
0.78	390	100	10	90	-2
0.782	391	100	10	90	-1
0.784	392	100	10	90	-1
0.786	393	100	10	90	-1
0.788	394	100	10	90	-1
0.79	395	100	10	90	-1
0.792	396	100	10	90	-1
0.794	397	100	9	91	-4
0.796	398	100	9	91	-6
0.798	399	100	9	91	-5
0.8	400	100	9	91	-4
0.802	401	100	9	91	-2
0.804	402	100	9	91	-1
0.806	403	100	9	91	-1
0.808	404	100	9	91	0
0.81	405	100	9	91	1
0.812	406	100	9	91	1
0.814	407	100	9	91	-2
0.816	408	100	9	91	-3
0.818	409	100	9	91	-3
0.82	410	100	9	91	-1
0.822	411	100	9	91	0
0.824	412	100	9	91	0
0.826	413	100	8	92	-1
0.828	414	100	8	92	-2
0.83	415	100	8	92	-4
0.832	416	100	8	92	-6
0.834	417	100	8	92	-8
0.836	418	100	7	93	-9
0.838	419	100	7	93	-6
0.84	420	100	7	93	-7
0.842	421	100	7	93	-7
0.844	422	100	7	93	-8
0.846	423	100	7	93	-1
0.848	424	100	7	93	-2
0.85	425	100	7	93	-4
0.852	426	100	6	94	-4
0.854	427	100	6	94	-7
0.856	428	100	6	94	-5
0.858	429	100	6	94	-4
0.86	430	100	6	94	-4
0.862	431	100	6	94	-4
0.864	432	100	6	94	-1
0.866	433	100	5	95	0
0.868	434	100	5	95	-1
0.87	435	100	5	95	-3
0.872	436	100	5	95	-6
0.874	437	100	5	95	-6
0.876	438	100	5	95	-6
0.878	439	100	5	95	-6
0.88	440	100	5	95	-6
0.882	441	100	4	96	-4
0.884	442	100	4	96	-5
0.886	443	100	4	96	-5
0.888	444	100	4	96	-5
0.89	445	100	4	96	-8
0.892	446	100	4	96	-9
0.894	447	100	4	96	-10
0.896	448	100	3	97	-9
0.898	449	100	3	97	-8
0.9	450	100	3	97	-7
0.902	451	100	3	97	-6
0.904	452	100	3	97	-5
0.906	453	100	3	97	-4
0.908	454	100	3	97	-4
0.91	455	100	3	97	-5
0.912	456	100	3	97	-7
0.914	457	100	2	98	-7
0.916	458	100	2	98	-5
0.918	459	100	2	98	-4
0.92	460	100	2	98	-3
0.922	461	100	2	98	-2
0.924	462	100	2	98	-3
0.926	463	100	2	98	-4
0.928	464	100	2	98	-5
0.93	465	100	1	99	-5
0.932	466	100	1	99	-7
0.934	467	100	1	99	-7
0.936	468	100	1	99	-7
0.938	469	100	1	99	-5
0.94	470	100	1	99	-4
0.942	471	100	1	99	-5
0.944	472	100	1	99	-6
0.946	473	100	1	99	-5
0.948	474	100	1	99	-6
0.95	475	100	1	99	-8
0.952	476	100	0	100	-8
0.954	477	100	0	100	-7
0.956	478	100	0	100	-6
0.958	479	100	0	100	-4
0.96	480	100	0	100	-4
0.962	481	100	0	100	-4
0.964	482	100	0	100	-4
0.966	483	100	0	100	-4
0.968	484	100	0	100	-4
0.97	485	100	0	100	-5
0.972	486	100	0	100	-5
0.974	487	100	0	100	-4
0.976	488	100	0	100	-3
0.978	489	100	0	100	-2
0.98	490	100	0	100	-2
0.982	491	100	0	100	-2
0.984	492	100	0	100	-3
0.986	493	100	0	100	-4
0.988	494	100	0	100	-5
0.99	495	100	0	100	-5
0.992	496	100	0	100	-5
0.994	497	100	0	100	-3
0.996	498	100	0	100	-4
0.998	499	100	-1	101	-4
1	500	100	-1	101	-3
1.002	501	100	-1	101	-4
1.004	502	100	-1	101	-4
1.006	503	100	-1	101	-5
1.008	504	100	-1	101	-7
1.01	505	100	-1	101	-5
1.012	506	100	-1	101	-5
1.014	507	100	-1	101	-3
1.016	508	100	-1	101	-2
1.018	509	100	-1	101	-2
1.02	510	100	-1	101	-2
1.022	511	100	-1	101	-3
1.024	512	100	-1	101	-3
1.026	513	100	-1	101	-3
1.028	514	100	-1	101	-4
1.03	515	100	-1	101	-3
1.032	516	100	-1	101	-2
1.034	517	100	-1	101	-1
1.036	518	100	-1	101	0
1.038	519	100	-1	101	0
1.04	520	100	-1	101	-1
1.042	521	100	-1	101	-2
1.044	522	100	-1	101	-3
1.046	523	100	-1	101	-4
1.048	524	100	-1	101	-4
1.05	525	100	-1	101	-3
1.052	526	100	-1	101	-2
1.054	527	100	-1	101	-1
1.056	528	100	-1	101	-1
1.058	529	100	0	100	-1
1.06	530	100	0	100	-2
1.062	531	100	0	100	-2
1.064	532	100	0	100	-2
1.066	533	100	0	100	-2
1.068	534	100	0	100	3
1.07	535	100	0	100	-1
1.072	536	100	0	100	-5
1.074	537	100	0	100	-4
1.076	538	100	0	100	-4
1.078	539	100	0	100	-4
1.08	540	100	0	100	-3
1.082	541	100	0	100	-4
1.084	542	100	0	100	-4
1.086	543	100	0	100	1
1.088	544	100	0	100	1
1.09	545	100	0	100	-1
1.092	546	100	0	100	-2
1.094	547	100	0	100	-2
1.096	548	100	0	100	0
1.098	549	100	0	100	1
1.1	550	100	0	100	0
1.102	551	100	0	100	1
1.104	552	100	0	100	3
1.106	553	100	0	100	4
1.108	554	100	0	100	4
1.11	555	100	0	100	1
1.112	556	100	0	100	-1
1.114	557	100	0	100	1
1.116	558	100	0	100	1
1.118	559	100	0	100	0
1.12	560	100	0	100	0
1.122	561	100	0	100	0
1.124	562	100	0	100	1
1.126	563	100	0	100	2
1.128	564	100	0	100	0
1.13	565	100	0	100	-3
1.132	566	100	0	100	-2
1.134	567	100	0	100	-1
1.136	568	100	0	100	-1
1.138	569	100	0	100	-1
1.14	570	100	0	100	-2
1.142	571	100	1	99	1
1.144	572	100	1	99	3
1.146	573	100	1	99	2
1.148	574	100	1	99	0
1.15	575	100	1	99	0
1.152	576	100	1	99	0
1.154	577	100	1	99	2
1.156	578	100	1	99	2
1.158	579	100	1	99	1
1.16	580	100	1	99	2
1.162	581	100	1	99	3
1.164	582	100	1	99	4
1.166	583	100	1	99	2
1.168	584	100	1	99	0
1.17	585	100	1	99	0
1.172	586	100	1	99	0
1.174	587	100	1	99	0
1.176	588	100	1	99	0
1.178	589	100	1	99	0
1.18	590	100	1	99	0
1.182	591	100	1	99	1
1.184	592	100	1	99	0
1.186	593	100	1	99	-1
1.188	594	100	1	99	-2
1.19	595	100	1	99	-2
1.192	596	100	1	99	-1
1.194	597	100	2	98	-1
1.196	598	100	2	98	0
1.198	599	100	2	98	0
1.2	600	100	2	98	2
1.202	601	100	2	98	2
1.204	602	100	2	98	1
1.206	603	100	2	98	0
1.208	604	100	2	98	0
1.21	605	100	2	98	0
1.212	606	100	2	98	1
1.214	607	100	2	98	0
1.216	608	100	2	98	1
1.218	609	100	2	98	1
1.22	610	100	2	98	1
1.222	611	100	2	98	1
1.224	612	100	2	98	0
1.226	613	100	2	98	-1
1.228	614	100	2	98	-1
1.23	615	100	2	98	-1
1.232	616	100	2	98	-1
1.234	617	100	2	98	-1
1.236	618	100	2	98	0
1.238	619	100	2	98	0
1.24	620	100	2	98	0
1.242	621	100	2	98	-1
1.244	622	100	2	98	-2
1.246	623	100	2	98	-2
1.248	624	100	2	98	-2
1.25	625	100	2	98	-2
1.252	626	100	2	98	-1
1.254	627	100	2	98	0
1.256	628	100	2	98	0
1.258	629	100	2	98	0
1.26	630	100	2	98	0
1.262	631	100	2	98	-1
1.264	632	100	2	98	-1
1.266	633	100	2	98	-1
1.268	634	100	2	98	-1
1.27	635	100	2	98	-1
1.272	636	100	2	98	0
1.274	637	100	2	98	0
1.276	638	100	2	98	0
1.278	639	100	2	98	-1
1.28	640	100	2	98	-1
1.282	641	100	2	98	-2
1.284	642	100	2	98	-2
1.286	643	100	2	98	-3
1.288	644	100	2	98	-3
1.29	645	100	2	98	-2
1.292	646	100	2	98	-2
1.294	647	100	2	98	-2
1.296	648	100	2	98	-2
1.298	649	100	2	98	-2
1.3	650	100	2	98	-3
1.302	651	100	2	98	-3
1.304	652	100	2	98	-3
1.306	653	100	2	98	-3
1.308	654	100	2	98	-3
1.31	655	100	2	98	-2
1.312	656	100	2	98	-1
1.314	657	100	2	98	-1
1.316	658	100	2	98	-2
1.318	659	100	2	98	-3
1.32	660	100	2	98	-3
1.322	661	100	2	98	-3
1.324	662	100	2	98	-3
1.326	663	100	2	98	-3
1.328	664	100	2	98	-3
1.33	665	100	2	98	-2
1.332	666	100	2	98	-2
1.334	667	100	2	98	-3
1.336	668	100	2	98	-4
1.338	669	100	2	98	-4
1.34	670	100	2	98	-4
1.342	671	100	2	98	-4
1.344	672	100	2	98	-4
1.346	673	100	2	98	-3
1.348	674	100	2	98	-3
1.35	675	100	2	98	-2
1.352	676	100	2	98	-3
1.354	677	100	2	98	-4
1.356	678	100	2	98	-4
1.358	679	100	2	98	-3
1.36	680	100	2	98	-3
1.362	681	100	2	98	-3
1.364	682	100	2	98	-3
1.366	683	100	2	98	-3
1.368	684	100	1	99	-1
1.37	685	100	1	99	-3
1.372	686	100	1	99	-1
1.374	687	100	1	99	-4
1.376	688	100	1	99	-1
1.378	689	100	1	99	-3
1.38	690	100	1	99	-2
1.382	691	100	1	99	-1
1.384	692	100	1	99	-2
1.386	693	100	1	99	-1
1.388	694	100	1	99	-2
1.39	695	100	1	99	-2
1.392	696	100	1	99	-5
1.394	697	100	1	99	-3
1.396	698	100	1	99	-4
1.398	699	100	1	99	-4
1.4	700	100	1	99	-4
1.402	701	100	1	99	-4
1.404	702	100	1	99	-3
1.406	703	100	1	99	-4
1.408	704	100	1	99	-4
1.41	705	100	1	99	-5
1.412	706	100	1	99	-3
1.414	707	100	1	99	-5
1.416	708	100	1	99	-4
1.418	709	100	1	99	-4
1.42	710	100	1	99	-3
1.422	711	100	1	99	-2
1.424	712	100	1	99	-2
1.426	713	100	1	99	-2
1.428	714	100	1	99	-3
1.43	715	100	1	99	-2
1.432	716	100	1	99	-3
1.434	717	100	1	99	-2
1.436	718	100	1	99	-2
1.438	719	100	1	99	-2
1.44	720	100	1	99	-1
1.442	721	100	1	99	-2
1.444	722	100	1	99	-2
1.446	723	100	1	99	-3
1.448	724	100	1	99	-3
1.45	725	100	1	99	-4
1.452	726	100	1	99	-4
1.454	727	100	1	99	-4
1.456	728	100	1	99	-3
1.458	729	100	1	99	-3
1.46	730	100	1	99	-3
1.462	731	100	1	99	-3
1.464	732	100	1	99	-4
1.466	733	100	1	99	-3
1.468	734	100	1	99	-3
1.47	735	100	1	99	-3
1.472	736	100	1	99	-3
1.474	737	100	1	99	-2
1.476	738	100	1	99	-1
1.478	739	100	1	99	-1
1.48	740	100	1	99	-2
1.482	741	100	1	99	-1
1.484	742	100	1	99	-3
1.486	743	100	1	99	-2
1.488	744	100	1	99	-2
1.49	745	100	1	99	-3
1.492	746	100	1	99	-3
1.494	747	100	1	99	-3
1.496	748	100	2	98	-2
1.498	749	100	2	98	-2
1.5	750	100	2	98	-3
1.502	751	100	2	98	-3
1.504	752	100	2	98	-2
1.506	753	100	2	98	-3
1.508	754	100	2	98	-2
1.51	755	100	2	98	-1
1.512	756	100	2	98	-4
1.514	757	100	2	98	-4
1.516	758	100	2	98	-3
1.518	759	100	2	98	-2
1.52	760	100	2	98	-3
1.522	761	100	2	98	-2
1.524	762	100	2	98	-2
1.526	763	100	2	98	-1
1.528	764	100	2	98	0
1.53	765	100	2	98	-1
1.532	766	100	2	98	-1
1.534	767	100	2	98	-2
1.536	768	100	2	98	-1
1.538	769	100	2	98	-1
1.54	770	100	2	98	-1
1.542	771	100	2	98	-1
1.544	772	100	2	98	0
1.546	773	100	2	98	1
1.548	774	100	2	98	0
1.55	775	100	2	98	0
1.552	776	100	2	98	-1
1.554	777	100	2	98	-2
1.556	778	100	2	98	-1
1.558	779	100	2	98	-1
1.56	780	100	2	98	-2
1.562	781	100	2	98	-1
1.564	782	100	2	98	-1
1.566	783	100	2	98	-1
1.568	784	100	2	98	-1
1.57	785	100	2	98	-2
1.572	786	100	2	98	-2
1.574	787	100	2	98	-2
1.576	788	100	2	98	-1
1.578	789	100	2	98	0
1.58	790	100	2	98	-1
1.582	791	100	2	98	0
1.584	792	100	2	98	1
1.586	793	100	2	98	1
1.588	794	100	2	98	0
1.59	795	100	2	98	0
1.592	796	100	2	98	0
1.594	797	100	2	98	0
1.596	798	100	2	98	1
1.598	799	100	2	98	1
1.6	800	100	2	98	0
1.602	801	100	2	98	1
1.604	802	100	2	98	1
1.606	803	100	2	98	1
1.608	804	100	2	98	0
1.61	805	100	2	98	-1
1.612	806	100	2	98	0
1.614	807	100	2	98	-1
1.616	808	100	2	98	-1
1.618	809	100	2	98	0
1.62	810	100	2	98	0
1.622	811	100	2	98	0
1.624	812	100	2	98	0
1.626	813	100	2	98	-1
1.628	814	100	2	98	-1
1.63	815	100	2	98	-1
1.632	816	100	2	98	-1
1.634	817	100	2	98	0
1.636	818	100	2	98	0
1.638	819	100	2	98	0
1.64	820	100	2	98	1
1.642	821	100	2	98	1
1.644	822	100	2	98	1
1.646	823	100	2	98	1
1.648	824	100	2	98	1
1.65	825	100	2	98	0
1.652	826	100	2	98	0
1.654	827	100	2	98	0
1.656	828	100	2	98	1
1.658	829	100	2	98	1
1.66	830	100	2	98	1
1.662	831	100	2	98	0
1.664	832	100	2	98	0
1.666	833	100	2	98	-1
1.668	834	100	2	98	-1
1.67	835	100	2	98	-1
1.672	836	100	2	98	-1
1.674	837	100	2	98	-1
1.676	838	100	2	98	-1
1.678	839	100	2	98	-1
1.68	840	100	2	98	-1
1.682	841	100	2	98	-1
1.684	842	100	2	98	-1
1.686	843	100	2	98	-1
1.688	844	100	2	98	-1
1.69	845	100	2	98	-1
1.692	846	100	2	98	-1
1.694	847	100	2	98	-1
1.696	848	100	2	98	0
1.698	849	100	2	98	0
1.7	850	100	2	98	0
1.702	851	100	2	98	-1
1.704	852	100	2	98	0
1.706	853	100	2	98	-1
1.708	854	100	2	98	-1
1.71	855	100	2	98	-1
1.712	856	100	2	98	-1
1.714	857	100	2	98	0
1.716	858	100	2	98	-1
1.718	859	100	2	98	-1
1.72	860	100	2	98	-2
1.722	861	100	2	98	-2
1.724	862	100	2	98	-2
1.726	863	100	2	98	-2
1.728	864	100	2	98	-3
1.73	865	100	2	98	-3
1.732	866	100	2	98	-2
1.734	867	100	2	98	-2
1.736	868	100	2	98	-2
1.738	869	100	2	98	-3
1.74	870	100	2	98	-3
1.742	871	100	2	98	-2
1.744	872	100	2	98	-3
1.746	873	100	2	98	-3
1.748	874	100	2	98	-3
1.75	875	100	2	98	-2
1.752	876	100	2	98	-2
1.754	877	100	2	98	-1
1.756	878	100	2	98	-2
1.758	879	100	2	98	-2
1.76	880	100	2	98	-2
1.762	881	100	2	98	-2
1.764	882	100	2	98	-2
1.766	883	100	2	98	-2
1.768	884	100	2	98	-2
1.77	885	100	2	98	-2
1.772	886	100	2	98	-2
1.774	887	100	2	98	-3
1.776	888	100	2	98	-3
1.778	889	100	2	98	-4
1.78	890	100	2	98	-3
1.782	891	100	2	98	-4
1.784	892	100	2	98	-4
1.786	893	100	2	98	-4
1.788	894	100	2	98	-3
1.79	895	100	2	98	-2
1.792	896	100	2	98	-3
1.794	897	100	2	98	-3
1.796	898	100	2	98	-3
1.798	899	100	2	98	-3
1.8	900	100	2	98	-3
1.802	901	100	2	98	-3
1.804	902	100	2	98	-2
1.806	903	100	2	98	-3
1.808	904	100	2	98	-2
1.81	905	100	2	98	-2
1.812	906	100	2	98	-2
1.814	907	100	1	99	-2
1.816	908	100	1	99	-2
1.818	909	100	1	99	-4
1.82	910	100	1	99	-3
1.822	911	100	1	99	-2
1.824	912	100	1	99	-1
1.826	913	100	1	99	-1
1.828	914	100	1	99	-1
1.83	915	100	1	99	-1
1.832	916	100	1	99	-3
1.834	917	100	1	99	-2
1.836	918	100	1	99	-4
1.838	919	100	1	99	-3
1.84	920	100	1	99	-4
1.842	921	100	1	99	-3
1.844	922	100	1	99	-3
1.846	923	100	1	99	-3
1.848	924	100	1	99	-2
1.85	925	100	1	99	-4
1.852	926	100	1	99	-3
1.854	927	100	1	99	-4
1.856	928	100	1	99	-4
1.858	929	100	1	99	-4
1.86	930	100	1	99	-3
1.862	931	100	1	99	-3
1.864	932	100	1	99	-2
1.866	933	100	1	99	-3
1.868	934	100	1	99	-2
1.87	935	100	1	99	-3
1.872	936	100	1	99	-3
1.874	937	100	1	99	-3
1.876	938	100	1	99	-3
1.878	939	100	1	99	-2
1.88	940	100	1	99	-2
1.882	941	100	1	99	-1
1.884	942	100	1	99	-3
1.886	943	100	1	99	-1
1.888	944	100	1	99	-1
1.89	945	100	1	99	-2
1.892	946	100	1	99	-2
1.894	947	100	1	99	-2
1.896	948	100	1	99	-2
1.898	949	100	1	99	-1
1.9	950	100	1	99	-2
1.902	951	100	1	99	-2
1.904	952	100	1	99	-2
1.906	953	100	1	99	-3
1.908	954	100	1	99	-2
1.91	955	100	1	99	-2
1.912	956	100	1	99	-3
1.914	957	100	1	99	-2
1.916	958	100	1	99	-2
1.918	959	100	1	99	-2
1.92	960	100	2	98	-1
1.922	961	100	2	98	-3
1.924	962	100	2	98	-3
1.926	963	100	2	98	-1
1.928	964	100	2	98	-4
1.93	965	100	2	98	-1
1.932	966	100	2	98	-4
1.934	967	100	2	98	-3
1.936	968	100	2	98	-4
1.938	969	100	2	98	-3
1.94	970	100	2	98	-3
1.942	971	100	2	98	-3
1.944	972	100	2	98	-2
1.946	973	100	2	98	-3
1.948	974	100	2	98	-2
1.95	975	100	2	98	-2
1.952	976	100	2	98	-2
1.954	977	100	2	98	-2
1.956	978	100	2	98	-2
1.958	979	100	2	98	-1
1.96	980	100	2	98	-1
1.962	981	100	2	98	0
1.964	982	100	2	98	-1
1.966	983	100	2	98	0
1.968	984	100	2	98	0
1.97	985	100	2	98	0
1.972	986	100	2	98	0
1.974	987	100	2	98	-2
1.976	988	100	2	98	-1
1.978	989	100	2	98	-1
1.98	990	100	2	98	-1
1.982	991	100	2	98	-1
1.984	992	100	2	98	-1
1.986	993	100	2	98	-2
1.988	994	100	2	98	-1
1.99	995	100	2	98	-2
1.992	996	100	2	98	-3
1.994	997	100	2	98	-2
1.996	998	100	2	98	-2
1.998	999	100	2	98	-2
